bacteriuria <-
structure(list(id = structure(c(1L, 1L, 1L, 1L, 1L, 1L, 1L, 1L, 
1L, 1L, 1L, 1L, 2L, 2L, 2L, 2L, 3L, 3L, 3L, 3L, 3L, 3L, 3L, 3L, 
3L, 3L, 3L, 3L, 3L, 3L, 3L, 4L, 4L, 4L, 4L, 4L, 4L, 4L, 4L, 5L, 
5L, 5L, 5L, 5L, 5L, 5L, 5L, 5L, 5L, 5L, 5L, 5L, 5L, 6L, 6L, 6L, 
6L, 6L, 6L, 6L, 6L, 6L, 6L, 6L, 6L, 6L, 6L, 6L, 7L, 7L, 7L, 7L, 
7L, 7L, 7L, 7L, 8L, 8L, 8L, 9L, 9L, 9L, 9L, 9L, 9L, 9L, 9L, 9L, 
9L, 9L, 9L, 9L, 9L, 9L, 10L, 10L, 10L, 10L, 10L, 10L, 11L, 11L, 
11L, 11L, 11L, 11L, 11L, 11L, 11L, 12L, 12L, 12L, 12L, 12L, 12L, 
12L, 12L, 12L, 13L, 13L, 13L, 13L, 13L, 14L, 14L, 14L, 14L, 14L, 
14L, 14L, 14L, 14L, 14L, 14L, 14L, 14L, 15L, 15L, 15L, 15L, 16L, 
16L, 16L, 16L, 16L, 16L, 16L, 16L, 16L, 16L, 16L, 16L, 16L, 16L, 
16L, 17L, 17L, 17L, 17L, 17L, 17L, 17L, 17L, 17L, 17L, 17L, 17L, 
17L, 17L, 17L, 18L, 18L, 18L, 18L, 18L, 18L, 18L, 18L, 18L, 18L, 
18L, 18L, 18L, 18L, 18L, 19L, 19L, 19L, 19L, 19L, 19L, 19L, 19L, 
19L, 19L, 19L, 19L, 19L, 19L, 19L, 20L, 20L, 20L, 20L, 20L, 20L, 
20L, 20L, 20L, 20L, 20L, 21L, 21L, 21L, 21L, 21L, 21L, 21L, 21L, 
21L, 21L, 21L, 21L, 21L, 21L, 22L, 22L, 22L, 22L, 22L, 22L, 22L, 
22L, 22L, 23L, 23L, 23L, 23L, 23L, 23L, 23L, 23L, 23L, 23L, 23L, 
23L, 23L, 23L, 23L, 24L, 24L, 24L, 24L, 24L, 24L, 24L, 24L, 24L, 
24L, 24L, 24L, 24L, 24L, 24L, 25L, 25L, 25L, 25L, 25L, 25L, 25L, 
25L, 25L, 25L, 25L, 25L, 26L, 26L, 26L, 26L, 26L, 26L, 26L, 26L, 
26L, 26L, 26L, 26L, 26L, 26L, 26L, 27L, 27L, 27L, 27L, 27L, 27L, 
27L, 27L, 27L, 28L, 28L, 28L, 28L, 28L, 28L, 28L, 28L, 28L, 28L, 
28L, 29L, 29L, 29L, 29L, 29L, 30L, 30L, 30L, 30L, 30L, 30L, 30L, 
30L, 30L, 30L, 30L, 30L, 30L, 30L, 30L, 31L, 31L, 31L, 31L, 31L, 
31L, 31L, 31L, 31L, 31L, 32L, 32L, 32L, 32L, 32L, 32L, 32L, 32L, 
33L, 33L, 33L, 33L, 33L, 33L, 33L, 33L, 33L, 33L, 33L, 33L, 33L, 
33L, 34L, 34L, 34L, 34L, 34L, 34L, 34L, 34L, 34L, 34L, 34L, 34L, 
34L, 35L, 35L, 35L, 35L, 35L, 35L, 35L, 36L, 36L, 36L, 36L, 36L, 
37L, 37L, 37L, 37L, 37L, 37L, 37L, 37L, 38L, 38L, 38L, 38L, 38L, 
38L, 38L, 38L, 38L, 38L, 38L, 38L, 38L, 38L, 38L, 39L, 39L, 39L, 
39L, 39L, 39L, 39L, 39L, 39L, 39L, 39L, 39L, 39L, 39L, 40L, 40L, 
40L, 40L, 40L, 40L, 40L, 40L, 40L, 40L, 40L, 40L, 40L, 40L, 41L, 
41L, 41L, 41L, 41L, 41L, 41L, 41L, 41L, 41L, 41L, 41L, 41L, 41L, 
41L, 42L, 42L, 42L, 42L, 42L, 42L, 42L, 42L, 42L, 42L, 42L, 42L, 
42L, 42L, 42L, 43L, 43L, 43L, 43L, 43L, 43L, 43L, 43L, 43L, 43L, 
43L, 43L, 43L, 43L, 43L, 44L, 44L, 44L, 44L, 44L, 44L, 44L, 44L, 
44L, 44L, 44L, 45L, 45L, 45L, 45L, 45L, 45L, 45L, 45L, 45L, 45L, 
45L, 45L, 45L, 45L, 45L, 46L, 46L, 46L, 47L, 47L, 47L, 47L, 47L, 
47L, 47L, 47L, 47L, 48L, 48L, 48L, 48L, 48L, 48L, 48L, 48L, 48L, 
48L, 48L, 48L, 48L, 48L, 48L, 49L, 49L, 49L, 49L, 49L, 49L, 49L, 
49L, 49L, 49L, 49L, 49L, 49L, 49L, 49L, 50L, 50L, 50L, 50L, 50L, 
51L, 51L, 51L, 51L, 51L, 51L, 51L, 51L, 51L, 51L, 51L, 51L, 51L, 
51L, 51L, 52L, 52L, 52L, 52L, 53L, 53L, 53L, 53L, 53L, 53L, 53L, 
53L, 53L, 53L, 53L, 54L, 54L, 54L, 54L, 54L, 54L, 54L, 54L, 54L, 
54L, 54L, 54L, 54L, 54L, 54L, 55L, 55L, 55L, 55L, 55L, 55L, 55L, 
55L, 55L, 55L, 55L, 55L, 55L, 55L, 55L, 56L, 56L, 56L, 56L, 56L, 
56L, 56L, 56L, 56L, 56L, 56L, 56L, 56L, 56L, 56L, 57L, 57L, 57L, 
57L, 57L, 57L, 57L, 57L, 57L, 57L, 57L, 57L, 57L, 57L, 57L, 58L, 
58L, 58L, 58L, 58L, 58L, 58L, 58L, 58L, 58L, 58L, 58L, 58L, 58L, 
58L, 59L, 59L, 59L, 59L, 59L, 60L, 60L, 60L, 60L, 60L, 60L, 60L, 
60L, 60L, 60L, 61L, 61L, 61L, 61L, 61L, 61L, 61L, 61L, 61L, 61L, 
61L, 62L, 62L, 62L, 62L, 62L, 62L, 62L, 62L, 62L, 63L, 63L, 63L, 
63L, 63L, 63L, 63L, 63L, 63L, 63L, 63L, 63L, 63L, 63L, 63L, 64L, 
64L, 64L, 64L, 64L, 64L, 64L, 64L, 64L, 64L, 64L, 64L, 64L, 64L, 
64L, 65L, 65L, 65L, 65L, 65L, 66L, 66L, 66L, 66L, 66L, 66L, 66L, 
66L, 66L, 66L, 66L, 66L, 66L, 66L, 66L, 67L, 67L, 67L, 67L, 67L, 
67L, 67L, 67L, 67L, 67L, 67L, 67L, 67L, 67L, 68L, 68L, 68L, 68L, 
68L, 68L, 68L, 68L, 68L, 68L, 68L, 68L, 68L, 68L, 69L, 69L, 69L, 
69L, 69L, 69L, 69L, 69L, 69L, 69L, 69L, 69L, 69L, 69L, 69L, 70L, 
70L, 70L, 70L, 70L, 70L, 70L, 70L, 70L, 70L, 70L, 70L, 70L, 70L, 
70L, 71L, 71L, 71L, 71L, 71L, 71L, 71L, 71L, 71L, 72L, 72L, 72L, 
72L, 72L, 72L), .Label = c("1", "2", "3", "4", "5", "6", "7", 
"8", "9", "10", "11", "12", "13", "14", "15", "16", "17", "18", 
"19", "20", "21", "22", "23", "24", "25", "26", "27", "28", "29", 
"30", "31", "32", "33", "34", "35", "36", "37", "38", "39", "40", 
"41", "42", "43", "44", "45", "46", "47", "48", "49", "50", "51", 
"52", "53", "54", "55", "56", "57", "58", "59", "60", "61", "62", 
"63", "64", "65", "66", "67", "68", "69", "70", "71", "72"), class = "factor"),