ColoCan <-
structure(list(event = c(22L, 158L, 32L, 7L, 7L, 23L, 5L, 14L, 
37L, 67L, 15L, 18L, 4L, 18L, 30L, 14L, 22L, 54L, 25L, 79L, 16L, 
35L, 10L, 17L, 23L, 32L, 36L, 23L, 58L, 24L, 17L, 45L, 23L, 60L, 
28L, 20L, 17L, 17L, 22L, 16L, 43L, 30L, 48L, 18L, 353L, 67L, 
28L, 63L, 364L, 27L, 9L, 19L, 44L, 17L, 29L, 12L, 26L, 3L, 11L, 
14L, 9L, 16L, 8L, 69L, 9L, 11L, 21L, 15L, 15L, 10L, 156L, 19L, 
18L, 10L, 12L, 19L, 16L, 9L, 57L, 9L, 4L, 114L, 8L, 92L, 22L, 
11L, 30L, 14L, 38L, 11L, 7L, 18L, 24L, 176L, 33L, 4L, 14L, 15L, 
8L, 12L, 44L, 57L, 13L, 18L, 9L, 10L, 27L, 10L, 26L, 58L, 15L, 
60L, 13L, 41L, 16L, 18L, 11L, 23L, 46L, 29L, 44L, 21L, 17L, 55L, 
29L, 46L, 29L, 20L, 23L, 14L, 16L, 17L, 54L, 25L, 36L, 11L, 271L, 
74L, 29L, 84L, 433L, 25L, 4L, 19L, 42L, 24L, 29L, 11L, 22L, 2L, 
9L, 16L, 17L, 18L, 5L, 64L, 10L, 14L, 12L, 18L, 19L, 6L, 142L, 
17L, 17L, 10L, 11L, 15L, 12L, 3L, 60L, 10L, 1L, 95L, 20L, 75L, 
23L, 4L, 27L, 15L, 35L, 18L, 17L, 23L), pop = c(16618L, 162425L, 
35107L, 4677L, 6907L, 22506L, 7511L, 10060L, 20569L, 46930L, 
12887L, 16704L, 5408L, 14705L, 22839L, 12131L, 20059L, 56975L, 
19619L, 90848L, 12399L, 34132L, 8908L, 11058L, 10139L, 15906L, 
35215L, 16305L, 89884L, 27348L, 17099L, 52193L, 23403L, 41089L, 
18537L, 20386L, 14888L, 10695L, 15699L, 13694L, 56427L, 19478L, 
36982L, 17681L, 233367L, 56539L, 22381L, 65684L, 415998L, 22415L, 
5248L, 18312L, 59153L, 18774L, 33158L, 7239L, 23310L, 2768L, 
9489L, 10837L, 8222L, 9771L, 6414L, 72046L, 13468L, 6938L, 18727L, 
13436L, 13027L, 8971L, 128133L, 11397L, 21505L, 10217L, 11660L, 
16771L, 11646L, 4571L, 76423L, 8105L, 3644L, 81509L, 8177L, 51998L, 
16957L, 4267L, 25734L, 13620L, 34138L, 13613L, 12429L, 15238L, 
17007L, 169424L, 36328L, 4744L, 7141L, 23601L, 7446L, 10105L, 
20361L, 49542L, 13669L, 17162L, 5335L, 15115L, 23270L, 12424L, 
20226L, 61794L, 20055L, 91943L, 13189L, 36691L, 9046L, 11093L, 
10372L, 16594L, 38188L, 16852L, 92856L, 28043L, 17226L, 51900L, 
25105L, 43875L, 19538L, 20949L, 15155L, 11111L, 16006L, 13860L, 
58782L, 19778L, 37075L, 17228L, 251197L, 53567L, 23541L, 67674L, 
444456L, 22713L, 5121L, 17770L, 61410L, 18855L, 33531L, 7327L, 
22965L, 2855L, 9817L, 10949L, 9019L, 9128L, 6423L, 74752L, 13593L, 
6817L, 17292L, 13965L, 13496L, 9290L, 137426L, 11563L, 21940L, 
10174L, 11896L, 16443L, 10105L, 4494L, 72532L, 8472L, 3705L, 
90413L, 8611L, 53850L, 18003L, 4152L, 26649L, 13603L, 36959L, 
13987L, 12838L, 15469L), sex = structure(c(2L, 2L, 2L, 2L, 2L, 
2L, 2L, 2L, 2L, 2L, 2L, 2L, 2L, 2L, 2L, 2L, 2L, 2L, 2L, 2L, 2L, 
2L, 2L, 2L, 2L, 2L, 2L, 2L, 2L, 2L, 2L, 2L, 2L, 2L, 2L, 2L, 2L, 
2L, 2L, 2L, 2L, 2L, 2L, 2L, 2L, 2L, 2L, 2L, 2L, 2L, 2L, 2L, 2L, 
2L, 2L, 2L, 2L, 2L, 2L, 2L, 2L, 2L, 2L, 2L, 2L, 2L, 2L, 2L, 2L, 
2L, 2L, 2L, 2L, 2L, 2L, 2L, 2L, 2L, 2L, 2L, 2L, 2L, 2L, 2L, 2L, 
2L, 2L, 2L, 2L, 2L, 2L, 2L, 1L, 1L, 1L, 1L, 1L, 1L, 1L, 1L, 1L, 
1L, 1L, 1L, 1L, 1L, 1L, 1L, 1L, 1L, 1L, 1L, 1L, 1L, 1L, 1L, 1L, 
1L, 1L, 1L, 1L, 1L, 1L, 1L, 1L, 1L, 1L, 1L, 1L, 1L, 1L, 1L, 1L, 
1L, 1L, 1L, 1L, 1L, 1L, 1L, 1L, 1L, 1L, 1L, 1L, 1L, 1L, 1L, 1L, 
1L, 1L, 1L, 1L, 1L, 1L, 1L, 1L, 1L, 1L, 1L, 1L, 1L, 1L, 1L, 1L, 
1L, 1L, 1L, 1L, 1L, 1L, 1L, 1L, 1L, 1L, 1L, 1L, 1L, 1L, 1L, 1L, 
1L, 1L, 1L), .Label = c("F", "M"), class = "factor"), wrt = c(0.973085501858736, 
0.830790510141661, 0.941709246167845, 0.969005413438064, 0.983983485193622, 
0.979222243910903, 0.98161396001872, 0.976493925117778, 0.93701441485463, 
0.902956298200514, 0.983845458653412, 0.943778420835056, 0.982686400446803, 
0.975184439973172, 0.980632848250884, 0.984972510690287, 0.977559885813578, 
0.907332721501402, 0.975399505973686, 0.863997680410961, 0.971627325308739, 
0.932267766121175, 0.987078088448257, 0.99020360254616, 0.962117887962557, 
0.964615384615385, 0.892265983679141, 0.985945652501734, 0.943827295611251, 
0.98440179812605, 0.98380189366351, 0.967058303632329, 0.97963222561227, 
0.897262369944918, 0.98151017728168, 0.961316075964679, 0.979729055021136, 
0.976382646977896, 0.961930294906166, 0.974522755316832, 0.970375578296834, 
0.963674342775627, 0.945771500330826, 0.967372310865393, 0.667177091158237, 
0.862550633026356, 0.979247419537477, 0.899023680619085, 0.704862781740802, 
0.9552605920936, 0.98929501398399, 0.936866027382074, 0.908321790267329, 
0.967711073905764, 0.985904721918157, 0.973293972264177, 0.939816315505132, 
0.987017606260004, 0.97897026831037, 0.98214449646562, 0.964271213966707, 
0.97608339065559, 0.991041520604503, 0.953323614763144, 0.97967554783637, 
0.97528171573973, 0.948693744967934, 0.980584650195248, 0.982958187233722, 
0.976945402770933, 0.823568397229994, 0.986411149825784, 0.972586028311658, 
0.97704869795498, 0.975165562913907, 0.971909435780093, 0.941106156038803, 
0.987755102040816, 0.888550233291934, 0.983471074380165, 0.986936998231052, 
0.892957271320715, 0.983917083631165, 0.906630262262867, 0.973827231121281, 
0.990854020667538, 0.974610083424012, 0.987547294567094, 0.920376387189333, 
0.983188405797101, 0.951992717774172, 0.983651936040642, 0.973085501858736, 
0.830790510141661, 0.941709246167845, 0.969005413438064, 0.983983485193622, 
0.979222243910903, 0.98161396001872, 0.976493925117778, 0.93701441485463, 
0.902956298200514, 0.983845458653412, 0.943778420835056, 0.982686400446803, 
0.975184439973172, 0.980632848250884, 0.984972510690287, 0.977559885813578, 
0.907332721501402, 0.975399505973686, 0.863997680410961, 0.971627325308739, 
0.932267766121175, 0.987078088448257, 0.99020360254616, 0.962117887962557, 
0.964615384615385, 0.892265983679141, 0.985945652501734, 0.943827295611251, 
0.98440179812605, 0.98380189366351, 0.967058303632329, 0.97963222561227, 
0.897262369944918, 0.98151017728168, 0.961316075964679, 0.979729055021136, 
0.976382646977896, 0.961930294906166, 0.974522755316832, 0.970375578296834, 
0.963674342775627, 0.945771500330826, 0.967372310865393, 0.667177091158237, 
0.862550633026356, 0.979247419537477, 0.899023680619085, 0.704862781740802, 
0.9552605920936, 0.98929501398399, 0.936866027382074, 0.908321790267329, 
0.967711073905764, 0.985904721918157, 0.973293972264177, 0.939816315505132, 
0.987017606260004, 0.97897026831037, 0.98214449646562, 0.964271213966707, 
0.97608339065559, 0.991041520604503, 0.953323614763144, 0.97967554783637, 
0.97528171573973, 0.948693744967934, 0.980584650195248, 0.982958187233722, 
0.976945402770933, 0.823568397229994, 0.986411149825784, 0.972586028311658, 
0.97704869795498, 0.975165562913907, 0.971909435780093, 0.941106156038803, 
0.987755102040816, 0.888550233291934, 0.983471074380165, 0.986936998231052, 
0.892957271320715, 0.983917083631165, 0.906630262262867, 0.973827231121281, 
0.990854020667538, 0.974610083424012, 0.987547294567094, 0.920376387189333, 
0.983188405797101, 0.951992717774172, 0.983651936040642),