gastric <-
structure(list(futime = c(1, 63, 105, 129, 182, 216, 250, 262, 
301, 301, 342, 354, 356, 358, 380, 381, 383, 383, 388, 394, 408, 
460, 489, 499, 524, 529, 535, 562, 675, 676, 748, 748, 778, 786, 
797, 945, 955, 968, 1180, 1245, 1271, 1277, 1397, 1512, 1519, 
17, 42, 44, 48, 60, 72, 94, 95, 103, 108, 122, 144, 167, 170, 
183, 185, 193, 195, 197, 208, 234, 235, 254, 307, 315, 401, 445, 
464, 484, 528, 542, 567, 577, 580, 795, 855, 882, 892, 1031, 
1033, 1306, 1335, 1366, 1452, 1472), status = c(1, 1, 1, 1, 1, 
1, 1, 1, 1, 1, 1, 1, 1, 1, 1, 0, 1, 1, 1, 1, 1, 1, 1, 1, 1, 0, 
1, 1, 1, 1, 1, 1, 1, 1, 1, 0, 1, 1, 0, 1, 1, 0, 0, 0, 0, 1, 1, 
1, 1, 1, 1, 1, 1, 1, 1, 1, 1, 1, 1, 1, 1, 1, 1, 1, 1, 1, 1, 1, 
1, 1, 1, 1, 1, 1, 1, 1, 1, 1, 1, 1, 1, 0, 0, 0, 0, 0, 0, 1, 0, 
0), trt = structure(c(1L, 1L, 1L, 1L, 1L, 1L, 1L, 1L, 1L, 1L, 
1L, 1L, 1L, 1L, 1L, 1L, 1L, 1L, 1L, 1L, 1L, 1L, 1L, 1L, 1L, 1L, 
1L, 1L, 1L, 1L, 1L, 1L, 1L, 1L, 1L, 1L, 1L, 1L, 1L, 1L, 1L, 1L, 
1L, 1L, 1L, 2L, 2L, 2L, 2L, 2L, 2L, 2L, 2L, 2L, 2L, 2L, 2L, 2L, 
2L, 2L, 2L, 2L, 2L, 2L, 2L, 2L, 2L, 2L, 2L, 2L, 2L, 2L, 2L, 2L, 
2L, 2L, 2L, 2L, 2L, 2L, 2L, 2L, 2L, 2L, 2L, 2L, 2L, 2L, 2L, 2L
), .Label = c("1", "2"), class = "factor")), .Names = c("futime", 
"status", "trt"), row.names = c(NA, 90L), class = "data.frame")
