"lake.acid" <-
structure(list(ph = c(6.4, 6.33, 6.94, 6.89, 6.82, 6.12, 6.46, 
6.75, 6.32, 6.05, 5.95, 7.17, 6.23, 6.59, 6.85, 6.61, 6.98, 6.54, 
7.07, 6.54, 6.52, 6.72, 6.72, 6.75, 6.55, 6.51, 6.37, 6.91, 6.96, 
6.95, 6.68, 6.76, 6.5, 6.75, 6.39, 6.52, 6.47, 6.26, 6.28, 6.2, 
6.83, 6.54, 6.45, 6.7, 6.73, 6.82, 6.84, 6.59, 6.77, 6.64, 7, 
6.97, 6.35, 6.37, 6.7, 6.56, 6.97, 7.63, 6.31, 6.32, 5.87, 7.04, 
7.05, 6.88, 6.99, 6.76, 6.46, 6.3, 6.34, 6.49, 6.83, 7.43, 6.88, 
6.92, 7.04, 7.2, 6.97, 7.25, 6.9, 8.05, 7.4, 6.85, 6.38, 7.27, 
6.65, 6.9, 7.11, 6.82, 7.19, 7.03, 6.69, 6.4, 6.46, 6.52, 7.15, 
6.36, 6.66, 7.04, 7.29, 7.36, 6.77, 6.42, 8.17, 7.09, 7.35, 7.32, 
6.7, 7.44, 6.68, 6.91, 7.11, 6.53), cal = c(1.6, 1.61, 3.81, 
2.51, 2.92, 0.85, 0.8, 1.78, 0.92, 0.96, 0.33, 3.395, 0.63, 1.08, 
4.63, 2.22, 23.52, 1.47, 3.06, 1, 1.58, 15.38, 1.38, 2.74, 1.39, 
1.1, 1.03, 2.29, 1.33, 1.99, 1.84, 1.35, 1.1, 1.15, 0.54, 1.87, 
1.93, 0.8, 0.71, 0.58, 0.92, 1.8, 1.25, 1.09, 1.11, 1.07, 0.645, 
0.86, 1.06, 3.77, 2.37, 1.42, 1, 1.66, 0.99, 0.68, 3.35, 30.97, 
1.64, 1.69, 0.29, 1.85, 1.56, 1.12, 7.21, 2.24, 0.94, 1.71, 2.08, 
0.59, 1.65, 4.45, 1.81, 1.48, 2.055, 1.68, 3.19, 5.25, 5.83, 
5.06, 3.77, 1.8, 1.48, 4.32, 1.52, 2.73, 3.75, 5.66, 5.51, 2.21, 
3.37, 1.52, 2.22, 1.54, 5.645, 1.84, 2.23, 5.4, 5.34, 6.23, 2.4, 
2.03, 1.36, 9.16, 5.09, 15.83, 2.21, 4.23, 1.28, 2.77, 5.75, 
0.71), geog = structure(c(0.00382924302072, 0.00302988694561, 
0.00211882812653, 0.00448373582482, 0.00461987009607, 0.00244869449344, 
-0.00249756356304, -0.00295832876704, -0.00305432144207, -0.00286059074265, 
-0.00297752730426, 0.0266078944614, 0.0203892686745, 0.0196336924606, 
0.0150336998193, 0.00659380613188, 0.00727272287945, 0.00302988694561, 
1.39626340155e-05, -0.00162490081857, -0.00185179327802, -0.00316602197389, 
-0.00727272287945, -0.00854328275937, -0.00600738715165, -0.00783993868457, 
-0.00883299647922, -0.0116794778047, -0.0114264219533, -0.0114124602297, 
-0.0137300738015, -0.0127702270194, -0.0143845075893, -0.0148399898855, 
-0.0133426462097, 0.00230208725002, 0.00107512261211, -0.000387463084248, 
-0.000630063818283, -0.00110653851995, -0.000242600763647, -0.000897099115196, 
-0.00373325059814, -0.00525516218906, -0.0043144405257, -0.00305432144207, 
-0.0071610247163, -0.0102588653868, -0.0115625486412, -0.0117562670193, 
-0.0108696965271, -0.0137300738015, -0.00176976293769, -0.00198792870868, 
-0.00722385494416, -0.0130267690754, -0.0135206537339, 0.00688352420848, 
-0.00333531801666, 0.00157603166211, -0.00254468730307, -0.00937577137328, 
0.0150284644231, 0.0116585352797, 0.0356024272277, 0.00812092774507, 
0.00681196738693, -0.00143116949807, -0.00329692098424, -0.00567228965101, 
-0.0113356707102, -0.0172011167548, -0.0220713866587, -0.0205637650059, 
-0.022275539975, -0.0231479794736, -0.0276547064687, -0.0272185384187, 
-0.0275587499466, -0.0313287689748, -0.0324521892569, -0.0328411902119, 
-0.0356024272277, -0.0289404989273, -0.0157317489022, 0.0088713922183, 
-0.0307478543642, 0.0185273552165, -0.0285706421370, -0.0310723304848, 
-0.0225861304155, -0.021073290689, 0.00153239848351, 0.00782946703046, 
-0.0236819037936, -0.00093026035714, -0.00293389426356, -0.0278012577560, 
-0.0142780534387, -0.0281309959626, -0.0129691780757, -0.00316602197389, 
-0.0224988861286, 0.031168277099, -0.0176705389490, 0.0308054229456, 
-0.0189304555542, -0.0188484397154, -0.00460590761061, 0.0157404744679, 
0.0183493618972, -0.000144862327409, -0.0285729739177, -0.0280389786604, 
-0.0306689628260, -0.00989601238909, -0.00857099227253, -0.0137754514718, 
-0.0139734761979, -0.0162400142901, -0.0159323077171, -0.0151003491034, 
-0.0148638648156, 0.0263642926953, 0.0146886377001, 0.0139492573904, 
0.00411421994908, -0.0277342399693, -0.0154564977410, -0.026080895029, 
-0.024125509637, -0.0243006883613, -0.032724885777, -0.037822479152, 
-0.0383163621823, -0.0347336236482, -0.0301222020659, -0.0227097975712, 
-0.0209137109163, -0.0380786738215, -0.0265508492243, -0.0264881891704, 
-0.0343392951694, -0.0342837753506, -0.0331491436011, -0.0332900863357, 
-0.0301421362911, -0.00344170075007, -0.00346592288314, -0.0161687861204, 
-0.0156830067479, -0.0148040312430, -0.00793839384498, -0.00649365854879, 
-0.0179494520119, -0.0139179153860, -0.0104901260545, -0.0083458789879, 
-0.0162713546456, -0.0196274735036, -0.0199237541116, -0.0188283577309, 
-0.0175263732173, -0.0218822719741, -0.0169408927983, -0.0314207363276, 
-0.0328444761317, -0.0330224366614, -0.0347023054365, -0.0261677660064, 
-0.0170990161191, -0.0272671563498, -0.0100356367070, -0.0286712277186, 
0.00324364907962, -0.00760072108711, 0.0383163621823, 0.000868442320613, 
-0.00538515925511, -0.00390049590829, 0.00310544024616, -0.00616452945328, 
-0.0209179840455, -0.0302062104644, -0.0253916132697, -0.0198682016965, 
-0.0262389715044, -0.0187215226868, -0.0310049860572, -0.0298189148571, 
-0.0104901260545, -0.0333185594949, -0.0204222972652, -0.0324999401108, 
-0.0123707354975, -0.0317524764137, -0.0125488202658, 0.00716188704522, 
-0.0332003956193, -0.002237714871, -0.0160106591444, -0.0322621783976, 
-0.0337541937475, -0.0222226854485, 0.00116480966385, -0.0017432954424, 
-0.0310918386663, 0.00330206721861, -0.00126882316819, -0.0296993074986, 
-0.00352434095621, -0.0296409274844, -0.00601777459532, 0.00316385842397, 
-0.0244972290111, 0.0192713635841, -0.0313609371312, 0.0338680834729, 
-0.0290471514532, -0.0335321068924, -0.0260210820530, -0.0027848524099, 
-0.0017432954424, -0.0143680985477), .Dim = c(112, 2))), .Names = c("ph", 
"cal", "geog"))
