penny <-
structure(list(year = c(1945, 1945, 1946, 1946, 1947, 1947, 1948, 
1948, 1949, 1949, 1950, 1950, 1951, 1951, 1952, 1952, 1953, 1953, 
1954, 1954, 1955, 1955, 1956, 1956, 1957, 1957, 1958, 1958, 1959, 
1959, 1960, 1960, 1961, 1961, 1962, 1962, 1963, 1963, 1964, 1964, 
1965, 1965, 1966, 1966, 1967, 1967, 1968, 1968, 1969, 1969, 1970, 
1970, 1971, 1971, 1972, 1972, 1973, 1973, 1974, 1974, 1975, 1975, 
1976, 1976, 1977, 1977, 1978, 1978, 1979, 1979, 1980, 1980, 1981, 
1981, 1982, 1982, 1983, 1983, 1984, 1984, 1985, 1985, 1986, 1986, 
1987, 1987, 1988, 1988, 1989, 1989), mil = c(51.8, 54.6, 53.2, 
54.2, 53, 53, 53.6, 52.2, 53.2, 51.6, 53.4, 51, 53.4, 54, 53.4, 
54.6, 50.6, 54.8, 52.2, 54.6, 52.6, 54.2, 54, 53.6, 53.6, 55, 
53.2, 53.2, 56.8, 57.2, 57, 55.2, 56.6, 57, 54.6, 56, 58, 56.2, 
55, 56, 56.6, 58.2, 57.2, 56, 57.6, 55.8, 57.2, 56, 58, 56, 57.2, 
55.6, 58, 55.8, 57, 57, 59, 57.6, 59, 54, 54, 54.2, 53.2, 53.2, 
54, 53.2, 53, 53.6, 54, 53, 53.6, 53, 54.8, 54, 54.4, 54.6, 52.8, 
52.6, 55.2, 54, 55.6, 56, 55, 53.2, 55, 54, 54, 55.6, 56.2, 54
)), .Names = c("year", "mil"), row.names = c(NA, -90L), class = "data.frame")
