"stan" <-
structure(list(time = c(15, 3, 46, 623, 126, 64, 1350, 23, 279, 
1024, 10, 39, 730, 1961, 136, 1, 836, 60, 3695, 1996, 0, 47, 
54, 51, 2878, 3410, 44, 994, 51, 1478, 254, 897, 148, 51, 323, 
3021, 66, 2984, 2723, 550, 66, 65, 227, 2805, 25, 631, 2734, 
12, 63, 2474, 1384, 544, 29, 48, 297, 1318, 1352, 50, 547, 431, 
68, 26, 161, 14, 2313, 1634, 146, 48, 2127, 263, 2106, 293, 2025, 
2006, 2000, 1995, 1945, 65, 731, 1866, 538, 1846, 68, 1778, 1722, 
928, 1718, 22, 40, 7, 1638, 1612, 25, 1534, 1547, 1271, 44, 1247, 
1232, 191, 1393, 1202, 1378, 1373, 274, 31, 1341, 42, 381, 1264, 
1262, 1261, 47, 1193, 626, 48, 1150, 45, 1116, 1107, 1102, 195, 
30, 1040, 993, 950, 729, 121, 202, 841, 834, 265, 1, 793, 328, 
781, 752, 738, 86, 132, 663, 660, 221, 90, 619, 618, 576, 563, 
36, 549, 548, 541, 534, 169, 122, 382, 468, 464, 10, 5, 136, 
406, 391, 374, 50, 139, 322, 292, 278, 22, 231, 145, 188, 176, 
138, 149, 119, 107, 98, 89, 60, 56, 2, 1), status = c(1, 1, 1, 
1, 1, 1, 1, 1, 1, 1, 1, 1, 1, 1, 1, 1, 1, 1, 0, 1, 1, 1, 1, 1, 
1, 0, 1, 1, 1, 1, 1, 1, 1, 1, 1, 0, 1, 0, 1, 1, 1, 1, 1, 0, 1, 
1, 0, 1, 1, 1, 1, 1, 1, 1, 1, 1, 1, 1, 1, 1, 1, 1, 1, 1, 0, 1, 
1, 1, 1, 1, 0, 1, 0, 0, 0, 0, 0, 1, 1, 0, 1, 0, 1, 0, 0, 1, 0, 
1, 1, 1, 0, 0, 1, 1, 0, 1, 1, 1, 1, 1, 0, 1, 0, 0, 1, 1, 0, 1, 
1, 0, 0, 0, 1, 0, 1, 1, 1, 1, 0, 0, 0, 1, 1, 0, 0, 0, 1, 1, 1, 
0, 0, 1, 1, 0, 1, 0, 0, 0, 1, 1, 0, 0, 1, 1, 0, 0, 0, 0, 1, 0, 
0, 0, 0, 1, 1, 1, 0, 0, 1, 1, 1, 0, 0, 0, 1, 1, 0, 0, 0, 1, 0, 
1, 0, 0, 1, 0, 0, 0, 0, 0, 0, 0, 0, 0), age = c(54, 40, 42, 51, 
48, 54, 54, 56, 49, 43, 56, 42, 58, 33, 52, 54, 44, 64, 40, 49, 
41, 62, 49, 50, 49, 45, 36, 48, 47, 36, 48, 46, 47, 52, 48, 38, 
49, 32, 32, 48, 51, 45, 19, 48, 53, 26, 47, 29, 56, 52, 46, 52, 
53, 53, 42, 48, 54, 46, 49, 47, 51, 52, 43, 40, 26, 23, 45, 28, 
35, 49, 40, 43, 30, 15, 45, 47, 38, 55, 38, 49, 49, 44, 35, 27, 
40, 50, 39, 27, 42, 28, 48, 51, 52, 44, 50, 32, 46, 41, 18, 42, 
46, 38, 41, 41, 31, 33, 50, 19, 45, 52, 34, 47, 36, 24, 53, 51, 
32, 48, 14, 18, 39, 39, 34, 43, 30, 46, 49, 45, 48, 48, 49, 49, 
21, 19, 34, 20, 43, 41, 12, 46, 36, 42, 35, 38, 47, 50, 53, 41, 
45, 40, 30, 47, 20, 51, 51, 36, 24, 38, 13, 20, 55, 39, 27, 47, 
50, 51, 36, 43, 41, 45, 52, 50, 52, 29, 41, 21, 20, 46, 19, 27, 
13, 27, 39, 27)), .Names = c("time", "status", "age"), row.names = c("1", 
"2", "3", "4", "5", "6", "7", "8", "9", "10", "11", "12", "13", 
"14", "15", "16", "17", "18", "19", "20", "21", "22", "23", "24", 
"25", "26", "27", "28", "29", "30", "31", "32", "33", "34", "35", 
"36", "37", "38", "39", "40", "41", "42", "43", "44", "45", "46", 
"47", "48", "49", "50", "51", "52", "53", "54", "55", "56", "57", 
"58", "59", "60", "61", "62", "63", "64", "65", "66", "67", "68", 
"69", "70", "71", "72", "73", "74", "75", "76", "77", "78", "79", 
"80", "81", "82", "83", "84", "85", "86", "87", "88", "89", "90", 
"91", "92", "93", "94", "95", "96", "97", "98", "99", "100", 
"101", "102", "103", "104", "105", "106", "107", "108", "109", 
"110", "111", "112", "113", "114", "115", "116", "117", "118", 
"119", "120", "121", "122", "123", "124", "125", "126", "127", 
"128", "129", "130", "131", "132", "133", "134", "135", "136", 
"137", "138", "139", "140", "141", "142", "143", "144", "145", 
"146", "147", "148", "149", "150", "151", "152", "153", "154", 
"155", "156", "157", "158", "159", "160", "161", "162", "163", 
"164", "165", "166", "167", "168", "169", "170", "171", "172", 
"173", "174", "175", "176", "177", "178", "179", "180", "181", 
"182", "183", "184"), class = "data.frame")
