wesdr <-
structure(list(dur = c(10.3, 9.9, 15.6, 26, 13.8, 31.1, 2.6, 
39.6, 7.3, 8.3, 18.4, 4.4, 15.8, 25.5, 4.5, 5.3, 17.4, 3.3, 11.9, 
12.2, 47, 4, 16.4, 15.5, 29.5, 15.6, 7.9, 5.9, 16.6, 11, 27.4, 
16.5, 29.5, 15.7, 1.9, 29.6, 7.4, 19.8, 7.2, 23, 17.6, 2.3, 26.4, 
2.5, 14.6, 7.7, 3.2, 3.3, 6.1, 2, 3.1, 6.1, 5.1, 3.3, 7.6, 8, 
12.4, 2.2, 14.4, 6.8, 1.9, 2.7, 4.1, 8.7, 13.5, 13.6, 2.6, 11.4, 
5.9, 6.9, 9.5, 13.5, 20.5, 19.4, 29.6, 16.4, 21.5, 11.5, 11.5, 
5.6, 19.6, 7.5, 6.1, 16.5, 16.8, 5.9, 3.4, 23.5, 26.4, 12.5, 
7.5, 11.5, 8.6, 7.1, 21.3, 14.4, 8.2, 7.4, 5.9, 3.2, 9.1, 5.3, 
10.4, 5.1, 10.7, 12.5, 5.8, 13.1, 4.4, 16.3, 7.8, 4.5, 4.8, 12.4, 
36.4, 3.8, 37.5, 16.1, 9.5, 9.9, 20.4, 24.4, 11.6, 16.4, 4.5, 
21.6, 10.6, 10.4, 31.6, 18.1, 11.6, 14.7, 20.6, 9, 9.5, 10.6, 
3.2, 10.5, 4.5, 7.4, 7.2, 12, 26.2, 19.3, 31.5, 8.4, 13.7, 14.4, 
39.2, 12.5, 10.6, 4.2, 9.5, 12.7, 17.1, 9.5, 26.3, 8.4, 24, 21.3, 
6.6, 7.6, 9.6, 4.2, 11.6, 3.5, 25.3, 6.4, 2, 16.6, 3.3, 20.5, 
15.6, 26.4, 18.6, 8.1, 6.9, 14.4, 10.4, 3, 10.5, 8, 7, 2.2, 4.2, 
22.5, 24.4, 15.5, 4.5, 9, 6, 2.8, 17.3, 1.5, 4, 5.2, 5.7, 10.3, 
9.6, 16.1, 6.3, 2.8, 9.2, 15.6, 18.6, 12.2, 4.9, 17.3, 13.8, 
11.3, 11.3, 12.3, 9.1, 32.8, 19.3, 11.3, 13.6, 4.8, 12.8, 15.9, 
2.5, 17.7, 6.4, 4.8, 5.8, 20.3, 15.3, 7, 13.8, 5.8, 13, 10.8, 
12.8, 16.8, 16.8, 4.5, 14, 9.6, 5.9, 7.1, 18.7, 6.7, 11.4, 15.8, 
6.8, 9.7, 3.9, 4.8, 4.4, 8.3, 14, 5, 7.8, 9.5, 10.1, 6.5, 8, 
7.3, 13.6, 11, 11.9, 6.4, 14.8, 8.7, 14.3, 5.7, 5.9, 14.8, 17.3, 
11.2, 10.1, 4, 3, 4.7, 5, 9.4, 21.4, 7.8, 8.5, 4.6, 9.8, 7.5, 
2.2, 13.7, 6.8, 10.2, 6.4, 4.1, 6.1, 6.8, 8.9, 1.7, 9.1, 2.9, 
2.6, 10, 7.8, 16.9, 17.9, 7, 18.8, 2.2, 7.2, 3.1, 7.8, 3.6, 3.2, 
12.5, 10.4, 9.5, 12.3, 2.1, 1.8, 9.4, 5.9, 6.3, 3.3, 21.6, 9.2, 
6.6, 33.7, 7.6, 7.8, 12.6, 5.6, 7.3, 3.7, 21.7, 8.5, 6.9, 9.7, 
24.7, 29.7, 36.1, 5, 4.6, 11.6, 8.2, 1.2, 21.8, 5.1, 8.6, 1.7, 
10.3, 32.4, 1.6, 10.9, 11.3, 7.6, 7.4, 1.3, 9.8, 9.8, 1.7, 1.2, 
10.3, 2.4, 5.9, 3.4, 13.8, 3, 9.4, 23.7, 36.8, 25.8, 16.7, 18.2, 
1.2, 3, 2.5, 14.7, 16.7, 23.1, 3, 11, 17.6, 3.9, 1.7, 20.7, 1.5, 
47.8, 3, 5, 6.9, 23.8, 8, 4.9, 18.4, 5.4, 10, 11.8, 14, 16.9, 
11.1, 20.7, 6.2, 8.3, 13.7, 10.4, 11.8, 4.3, 10.8, 11.7, 4.2, 
11.7, 29.7, 17.7, 3.7, 6.7, 18.1, 21.4, 5.9, 6.2, 5.4, 30.7, 
10.7, 11.9, 6.3, 35.8, 29.7, 5.2, 4.3, 8.6, 1.3, 5.3, 16.7, 10.7, 
3, 3.8, 13.1, 10.8, 17.8, 5.8, 2.6, 8, 6.4, 5.5, 1.9, 41.8, 5.7, 
8.9, 7, 7.4, 5.9, 28, 10, 24, 4.9, 19.5, 8.2, 11, 3.9, 2.5, 5.2, 
7.2, 10, 9, 4.6, 8.1, 30, 15, 2.2, 10, 4.5, 6.2, 15.8, 9.7, 24.1, 
28.1, 13.1, 13.6, 22, 5, 25.1, 13.1, 26.1, 9.5, 25.3, 16.2, 27.5, 
26.1, 21.8, 13.1, 19, 38.3, 35.1, 18.1, 10.7, 9.2, 6, 9.1, 5.1, 
10.2, 8.8, 1.9, 7.3, 6, 7.4, 11.8, 14.1, 27.2, 9.1, 13.1, 5.8, 
10.1, 1.6, 2, 4.4, 2.9, 8.9, 24.2, 14, 7, 8, 29.4, 7.3, 32.9, 
27.9, 2, 9.5, 3.9, 1.9, 6.9, 1.7, 6.8, 9.3, 12.6, 6, 4.5, 1.9, 
8.4, 16.4, 16.4, 3.4, 11.4, 23.4, 10.4, 7.8, 6.3, 2.8, 1.5, 14.2, 
20.4, 17.4, 3.4, 2.8, 1.9, 15, 7.8, 3.3, 8.4, 5.7, 36.4, 25.4, 
19.4, 17.4, 4.9, 1.9, 5.1, 6.2, 24.2, 16.6, 2.5, 49.2, 13.1, 
12.8, 55.2, 5.7, 5.6, 10.4, 12.1, 12.1, 5.4, 9.2, 21.2, 3.7, 
9.1, 5.8, 33.2, 4.2, 22.1, 14.2, 11.1, 11.2, 7.9, 1.6, 6.5, 14.2, 
16.4, 12.2, 1.8, 5.6, 2.1, 6.1, 5.6, 2.4, 16.1, 3.9, 5.6, 1.8, 
1.5, 1.5, 6, 3.1, 2.6, 4.9, 8.8, 10.1, 6.3, 3.2, 9.2, 7.2, 1.8, 
4.2, 9.2, 5.1, 33.2, 15.3, 25.3, 11.3, 11.3, 15, 19.3, 17.3, 
10.9, 9.8, 8.3, 7.1, 3.2, 29.3, 14.3, 3, 8.9, 3.3, 11.9, 1.9, 
17.6, 28.3, 9.1, 10, 15.3, 5.8, 26.4, 27.2, 15.2, 8.8, 4.9, 13.1, 
8.2, 6.5, 22.8, 2.5, 5.1, 21.8, 4.5, 36.9, 1.8, 3, 7.3, 5, 6.8, 
6.9, 1.4, 7.8, 5.9, 6.8, 5.8, 4.9, 10.1), gly = c(13.7, 13.5, 
13.8, 13, 11.1, 11.3, 15.1, 13.4, 14.6, 15.4, 14, 11.7, 11.4, 
12.3, 12.6, 9.9, 12.8, 10.7, 9.1, 15.2, 14.3, 8.5, 10.2, 11.8, 
11.7, 11.9, 13.2, 13.4, 14.7, 14.6, 13.7, 9.6, 9.4, 16.7, 7.3, 
14.3, 12, 10.6, 14.8, 13.7, 11.9, 12.6, 7.7, 14.3, 10.1, 15.6, 
11, 8.6, 12.6, 14.2, 11.5, 15, 13.3, 21.5, 18.7, 17.3, 11.7, 
17.2, 9.1, 11.3, 10.5, 16, 12.3, 12.2, 14.9, 12.4, 18.2, 13.2, 
13.4, 9.6, 12.2, 12.8, 13.7, 11.2, 12.6, 9.7, 11.1, 18.5, 15.8, 
13.7, 16.8, 15, 9.9, 9.3, 13.2, 14, 8.6, 8.9, 9.1, 13.9, 7.8, 
14.5, 13, 9.5, 9.1, 15, 15.6, 12.5, 9.8, 12, 14.7, 10.1, 10.5, 
11.3, 14.2, 10.3, 10.5, 11.6, 12.6, 15, 16.5, 13.2, 12.3, 12.5, 
16.1, 11.6, 11.1, 9.4, 13.3, 13.4, 13.9, 13.9, 17.9, 12.5, 15.7, 
19.7, 10.4, 9.8, 12.1, 12.5, 13.2, 12.5, 13.2, 17.7, 9.7, 12.5, 
19.9, 13.6, 7.5, 10.1, 12.7, 13.6, 11.6, 10.6, 11.3, 10.7, 12.2, 
9.6, 9.9, 14.1, 11, 18.8, 9.8, 9.4, 13, 9.1, 11.9, 10.8, 11.6, 
10, 11.3, 17.2, 11.4, 13, 12.5, 11.4, 10, 11.3, 9.6, 16.2, 9.7, 
15.4, 18.6, 15.4, 12.1, 8.6, 12.1, 9.8, 14, 11.6, 14.3, 13.5, 
11.4, 10, 12.9, 11.2, 10.5, 10.4, 13.8, 12.2, 18, 12.5, 12.9, 
15.3, 18.5, 14.7, 14.7, 20, 14.9, 13.8, 11.7, 11.9, 15, 11.4, 
13.8, 13.8, 6.6, 10.3, 11.5, 9.6, 9.3, 6, 9.2, 11.3, 9.4, 9.3, 
11.9, 14.4, 11.7, 16.7, 11, 10.2, 10.9, 7.9, 11.2, 11.7, 18.1, 
11.8, 12.6, 7.7, 10.8, 10.3, 13, 9, 13.3, 8.8, 13.3, 11.4, 9, 
9.9, 10.6, 14.2, 14.2, 12.2, 18.2, 11, 17.4, 9.6, 9.5, 14.5, 
14.6, 14.2, 17.3, 11, 12.3, 13.3, 14.7, 10.9, 14.2, 12.1, 14.3, 
15.6, 15.2, 11.8, 16.1, 11.2, 12.6, 12.1, 10, 14.5, 9.4, 22.6, 
12.6, 9.8, 17.3, 9.8, 11.9, 15.8, 13.4, 10.9, 10.6, 7.1, 10.8, 
9.7, 10.3, 9.2, 17.3, 14, 10, 11, 13, 9.3, 18.6, 10.7, 9.4, 7.6, 
11.8, 12.9, 14, 15.8, 8.5, 11.2, 9.2, 13, 13.8, 14.3, 9.5, 12.2, 
14.1, 13.5, 9.6, 11.5, 13.7, 11, 11.7, 12.4, 15.8, 10.5, 14.7, 
13.4, 16.7, 15.2, 14.3, 9.4, 13.8, 14.7, 8.6, 14.1, 8, 18.4, 
14.1, 13.8, 10.1, 7.9, 11.5, 13.4, 7, 17.7, 10.4, 16, 9.7, 11.7, 
11.7, 12, 11.8, 15, 15.9, 13.7, 11.6, 7.8, 12.6, 9.4, 16.7, 8.3, 
8.2, 13.4, 13.7, 9.9, 9.3, 13.7, 12.7, 18.1, 12.2, 11.2, 13.6, 
13.9, 10.7, 8, 13.3, 8.9, 11.7, 12.3, 11, 16, 14.4, 10.7, 12.7, 
15.5, 16.5, 11.8, 13.8, 10.5, 10.9, 11.3, 11.1, 8, 14.5, 13.8, 
9.6, 15, 11.1, 12.5, 12.2, 11.3, 17, 9.9, 14.7, 13.6, 10.2, 12.7, 
15.1, 10.3, 9.6, 11.3, 12.6, 11.9, 12.7, 11.8, 13.2, 11.2, 12.4, 
14.2, 12.1, 13.2, 10.8, 12.9, 13.1, 13.3, 11.3, 12.3, 10.6, 11.9, 
12.7, 12, 11, 11.2, 11.2, 15, 11.5, 12.6, 14.3, 11, 11, 10.7, 
11.6, 10.8, 10.3, 8.1, 11.1, 16.8, 8.9, 10.2, 15.3, 16.5, 14, 
12.9, 10.5, 11, 17.5, 13, 15.3, 15.2, 13.6, 11.9, 11.9, 11.5, 
10, 17.7, 15, 11.3, 12.1, 10.4, 10.6, 12.8, 13.4, 11.1, 15, 13.3, 
12.4, 11.8, 13.8, 14.5, 11, 15.5, 9.1, 14.1, 15.6, 14.3, 21, 
11.5, 10.8, 11.6, 14.7, 9.5, 12.6, 11.9, 15.8, 13.4, 9.7, 15.1, 
17.3, 9.7, 12.4, 21.3, 8, 14.8, 11.2, 11.6, 13.4, 13.6, 12, 13, 
11, 13.5, 12.6, 13, 11.1, 13.5, 15.8, 13.1, 10.3, 15.8, 10, 9.6, 
9.7, 10.4, 9.7, 11, 8.2, 8.2, 15.3, 9.2, 13.5, 12.2, 14.9, 13.6, 
7.3, 12.1, 14.4, 14, 13.9, 11.1, 8.6, 11.5, 12.7, 9.7, 14.8, 
10.9, 9.7, 12.9, 8.9, 12.2, 10, 13.6, 11.5, 16.2, 7.7, 11.8, 
14.8, 11.5, 10.3, 11, 13.8, 12.4, 14.7, 12.8, 13.1, 11.4, 14.2, 
17.2, 12.1, 11.1, 9.8, 14.1, 14.6, 12.6, 17.1, 9.2, 8.8, 10.8, 
13.2, 10.4, 15.2, 14.4, 7.3, 6.8, 13.5, 12, 13.5, 7.6, 9.5, 13.5, 
13.5, 17.1, 11.6, 12.2, 15.6, 12.8, 14.9, 13.2, 10.2, 10.1, 14.8, 
17.9, 15.9, 13.4, 15.9, 13.3, 15.7, 11.2, 11.8, 15.8, 9, 12.8, 
10.6, 11.2, 14.9, 12.1, 13, 11.5, 13.5, 9.7, 11.4, 11.3, 14.9, 
12.1, 12.7, 12.3, 14.4, 12.3, 12.4, 11.5, 12, 11.9, 15.3, 11, 
13.9, 15.7, 16.3, 9, 8.9, 11.4, 10.2, 16, 12.3, 11.6, 12.2, 12, 
18.6, 12.4, 12.4, 11.8, 11.9, 14.1, 11.7, 14.4, 15.4, 14.2, 11.3, 
17.2, 6.4, 11.2, 10.6, 12, 16.9, 11.3, 9, 13.6, 9.7, 16.9, 9.6, 
11.1, 11, 15.6, 18.7, 14.6, 11.9, 15.9, 10.1),